3715
2175
893
391
2421
1411
382
2687
2437
1910
2948
2682
896
2182
377
2438
1402
3713
2437
378
2182
2679
3712
3714
2680
2181
1655
3715
2947
1403
135
2679
2693
896
2682
390
2167
2182
3966
1917
390
630
2692
893
1406
3718
2935
2694
3197
2174
1925
3703
3973
1148
3968
1414
3960
1414
3194
385
3715
378
1927
2424
1409
2178
2938
1159
3960
899
2432
2682
2950
1400
2692
1152
2429
2440
2423
2692
3199
1662
2182
2933
2181
382
1407
1927
2680
2693
2171
384
3206
1656
3205
1147
2433
2180
887
3973
890
642
2690
121
134
2423
642
2690
378
2182
3192
1668
642
1148
1671
2422
1412
3967
125
2182
2677
1668
1151
639
903
2423
1158
1406
2687
646
1911
390
2427
639
645
3959
1414
3193
1665
2692
3703
1926
2169
2690
1668
889
1414
2936
1667
2946
3193
391
3959
2179
1666
2940
2182
1911
388
1151
1150
647
2678
2691
3708
2429
3718
3959
902
381
2943
2182
3960
135
3194
1664
2693
2936
1415
1402
2688
1156
3192
1671
123
900
2948
123
903
2680
2180
3714
2171
3717
2935
645
3967
3195
1159
2934
1412
640
1662
2438
2678
2181
2429
2942
3206
1910
645
2428
3966
2179
1142
2950
124
3200
1668
3960
1415
890
2689
2691
889
903
2680
2179
2946
122
137
2425
3203
130
2939
390
1143
2949
130
637
1415
118
645
895
1406
2183
2934
2949
1149
1408
2951
631
2437
637
3712
1668
3957
2693
3195
2433
3971
376
2183
378
899
133
2682
135
376
3970
2434
2682
2183
1400
2179
1665
380
1159
1911
2180
129
1149
1670
1655
2693
1662
3965
2693
3191
2949
2684
383
1413
2423
3717
1147
642
389
3188
389
1146
3202
2948
3704
136
378
1411
389
1659
391
120
1155
1154
2169
134
2679
387
3711
1658
3204
374
2947
126
126
3206
1398
902
1663
2175
3973
1655
902
892
1151
3717
1655
2949
891
2688
644
1911
3206
2681
130
902
1914
1415
1146
645
388
635
2695
1911
900
3969
2939
1416
2423
1924
2687
892
2695
119
2181
1151
1918
1928
3960
1670
2685
1151
390
2166
2437
1147
1664
1671
3960
2693
3704
3968
2692
632
2693
1145
3714
3716
3705
3717
1143
3714
3714
890
1158
2679
3971
1411
2684
136
1656
2692
1664
3197
1158
2166
2949
3199
2685
2437
1398
388
3708
1664
1414
3190
646
2940
385
3204
3959
1670
3705
128
2691
1402
135
1145
1155
1411
1913
2695
632
899
130
1914
390
120
3715
896
3196
3719
1656
3205
2175
1661
3974
3702
2693
2174
126
3972
2422
1925
2427
1408
1413
375
2182
2939
2690
1414
1144
1158
3705
2946
3971
634
2950
3960
643
3714
890
1670
2680
1924
1922
1660
3973
2166
1925
2432
1404
3206
632
901
638
1918
2694
1142
3972
2172
2943
2181
2167
2438
1404
1409
2693
120
646
3193
2689
1924
3704
2694
1656
386
2691
1914
3717
1143
2180
1668
1915
1414
3191
1412
898
3197
2952
888
2692
2430
2172
2694
1399
1670
2430
639
390
2422
2182
126
642
1159
2679
1668
1401
129
2692
1655
389
1400
2944
1154
2169
1415
888
3713
130
3963
648
2168
132
3712
892
136
2935
3204
1919
125
2950
1910
1412
2684
381
901
3191
2181
3197
2431
1412
2678
903
1148
2945
3206
2424
1414
3961
130
2948
2425
2182
3961
1924
3204
2682
1414
2934
2434
130
379
2694
886
387
1921
637
1414
3958
901
1919
3965
2693
2422
2692
1918
1407
3717
3192
2183
1149
2688
2950
3961
3718
3707
3202
2180
1656
1670
2680
2689
2946
1657
3974
3704
132
1411
1146
1413
1143
3204
2177
635
2438
2935
133
3710
2172
2694
1399
3206
639
2942
646
1399
1670
2428
1920
2950
2167
3206
3706
1664
1414
888
3972
377
1667
3717
888
901
2169
900
2690
634
1158
2167
3970
896
2172
2440
2167
2691
2432
3965
2182
118
1157
2430
637
1158
630
2692
2685
3711
2182
1912
3718
122
2687
902
1145
1158
377
2689
1924
2935
2182
3704
1155
3203
1914
2694
1655
1922
2944
2939
3207
3959
1925
2945
1150
1928
1655
2948
1663
127
136
2678
2179
3708
894
390
1655
3718
2684
384
1924
1656
2951
123
2946
1157
2170
648
121
3712
1155
3961
390
3702
1411
2689
2937
646
1143
2692
2689
380
1926
2422
2180
1407
1917
1415
888
1669
894
640
2694
3191
902
381
1152
2693
888
3974
2171
130
1413
888
1158
3960
3713
2179
633
647
3704
3971
2690
2682
3206
3191
900
3969
2172
2694
2166
900
3711
381
1669
374
2692
1407
3710
2182
2935
1670
1661
1664
134
2678
901
2170
2688
2949
2424
2438
3705
131
2180
3192
1926
3960
2692
2692
1913
2181
3703
1924
386
3707
1159
2168
1667
895
381
1157
1142
2437
2687
2943
2694
118
1413
2429
1151
391
2679
902
379
2688
901
2678
901
1658
3201
2947
3193
2695
377
1154
2690
1915
648
2678
1155
1409
1146
135
1910
901
1154
1915
2694
2935
645
2942
382
1415
2679
1158
893
2431
2950
2167
133
3962
3711
1156
1656
2694
2682
1411
646
376
2693
1914
1155
1155
378
902
3191
2179
385
122
3972
374
3716
1154
637
1414
1910
2692
1663
2686
2438
1655
2437
893
2943
646
119
391
2429
640
2436
1144
646
1147
642
2692
2936
1671
891
2690
3204
1402
1925
2680
1924
3969
2683
1159
2935
3204
3968
893
3206
1910
1156
639
2940
2693
2678
1413
126
1407
1415
2167
3204
2682
2686
2435
3703
135
2683
3969
2181
3961
391
2937
1921
2691
3962
647
120
1410
642
2939
1671
3958
132
2945
1660
3718
375
2948
128
1660
2437
3958
3972
1662
2941
389
2679
1926
637
2687
2950
889
1415
2427
129
133
1656
1414
889
1410
3715
120
647
121
1411
1154
1402
1159
2167
2947
128
2170
136
2679
3971
1152
894
2695
1909
132
1663
127
3718
2678
646
126
2688
2694
120
3974
2171
3712
2182
377
2181
1145
131
1157
889
2438
632
3970
3201
1912
3974
2167
3714
1665
3194
647
2937
391
385
1149
3208
3192
1925
638
2942
1927
2421
1412
893
895
390
3703
902
2427
2688
902
1145
390
2425
1153
1922
2423
2950
1912
1154
2691
634
3974
1912
1411
130
2172
2183
2679
2437
129
894
2694
2165
2693
896
2685
1926
2167
1414
125
382
645
3190
645
2170
2943
1924
1655
2949
1658
1666
1668
1658
3975
1913
1666
1409
3193
2696
3704
1668
1667
2171
646
1910
1156
898
3965
2696
2680
1157
2686
2174
2695
1142
2693
1406
2687
2950
2423
3973
1914
2943
2948
1143
1157
1145
2177
2180
1145
2694
2169
2434
1155
2680
2181
2679
2434
1665
2171
903
2167
1924
2944
2171
389
2678
1413
895
1662
2438
1143
1924
893
2432
2695
3704
1414
1659
3200
1671
1656
3718
2171
640
2948
632
3205
2680
642
1412
3706
1672
2681
644
1411
1403
1158
2423
901
3969
2940
3718
2678
3715
639
2941
2694
1654
1670
126
2430
3718
2935
3973
1149
897
2693
2678
1927
2427
1663
2691
120
2437
1145
1410
2690
377
1158
2936
131
1666
892
1159
2167
2180
130
3196
391
2935
2180
2942
2684
1927
1400
2691
893
1407
1415
3191
133
1148
2688
2438
2936
2950
3706
640
3204
2936
1413
888
2688
1155
2681
135
2936
643
2945
2170
2183
120
1668
385
379
2950
1143
133
1664
2429
903
2679
3973
2685
638
1927
632
1670
1661
2432
1159
2168
2437
1401
1919
2437
2424
2694
3193
1664
899
888
1926
3961
388
1410
634
3976
1912
2435
385
2427
3718
120
1157
129
2941
902
1910
2437
895
638
3717
1655
1925
124
895
2694
121
391
2683
385
3715
2423
391
3194
2690
2947
2935
2181
887
3200
2690
123
1671
632
3714
385
2683
904
1656
1925
3199
1660
1669
373
1667
2172
2684
3718
887
2695
3710
3711
903
2679
3718
2684
3968
3973
3192
2438
123
2945
2180
121
2694
3706
899
132
2681
646
888
132
1410
1658
2695
1144
132
2689
2172
2182
2678
645
1152
637
2182
887
901
894
1919
646
2935
2181
1403
1407
901
3704
2696
3196
642
3973
634
1414
3192
1411
2435
2680
1671
3962
1413
2689
377
2949
631
388
2433
2684
3718
2678
3715
3198
892
2182
1910
2436
1662
2942
1159
3958
388
637
1153
646
1911
3206
3707
3968
1412
120
2181
3961
1153
3714
1913
2182
1144
1667
1667
2169
2694
1911
3201
1920
2172
2184
2679
2692
1665
2684
903
1656
1925
1406
1406
1413
2934
2182
3195
2430
647
2679
2436
379
2944
3715
2424
2694
3962
2691
3205
2682
2951
2681
131
1923
2682
3205
2422
131
643
124
1669
3702
1155
1663
3708
1670
2166
645
2431
1151
1160
2679
2949
1917
895
1415
3191
2950
2172
2176
2693
120
646
635
2946
388
3703
1670
1145
1411
2947
2681
3205
1143
1157
1411
123
1415
2679
3716
1153
1148
902
1910
133
1406
1405
3718
887
2693
1149
895
1927
1655
390
1148
1408
3716
121
648
123
1153
1158
1913
3972
632
2177
2691
1145
902
2423
3971
2690
2682
390
1910
388
2432
2683
1926
120
3205
3200
1150
1669
1142
2693
3966
128
392
2935
2949
636
1152
1414
3958
2693
635
3200
2948
3192
902
2169
2690
2179
3704
1159
2425
2690
3714
3195
3974
375
388
1921
2683
647
3958
2179
2175
3963
2693
1143
901
3711
126
903
3959
1926
1918
2942
134
1912
1926
379
3968
2694
888
2437
2937
3712
1924
3960
390
3962
2691
2691
633
2437
3191
899
2689
123
647
3959
132
897
2940
1414
120
2694
3710
1917
3207
3959
646
2941
2176
3974
2934
3975
2942
3200
2693
120
2950
124
130
389
1656
3718
3705
387
2947
2424
3206
2936
2690
384
2169
903
120
2179
384
1147
2439
3191
1412
3967
1404
2437
1142
1156
1406
127
2693
1910
389
3707
2174
389
1399
3205
124
3201
1926
376
134
635
2689
388
1401
1159
1145
2178
1410
2424
1925
118
3714
1154
124
136
2935
3204
3968
3707
391
632
645
3199
2430
2951
1655
646
383
2943
2950
3958
902
893
1921
1670
2424
1159
380
3969
2436
3703
1670
121
1153
1155
889
903
633
2947
2436
123
2436
2933
388
2433
2171
3206
2679
1924
1664
1151
1159
2679
2694
1663
1662
645
2421
1413
1148
895
2949
631
902
3965
1922
2180
1144
3975
2682
130
3715
2680
134
377
644
2946
1656
1925
1399
899
898
2938
646
3702
3971
2432
1660
2695
3959
1667
1150
1150
1159
1400
1669
1149
2175
647
2678
2181
3709
3968
133
2678
646
2683
898
2948
3704
1670
1401
131
2436
1658
2183
2936
3970
898
3961
2695
2168
900
387
1148
3206
2423
2181
2687
124
1927
3703
1158
2687
1662
1672
1911
1925
3709
2175
1669
3190
133
635
2943
3971
2678
2181
122
898
1669
2424
134
3704
1154
644
889
1158
3704
2691
2690
890
1671
888
2691
1409
3707
904
2681
2693
2687
3196
2949
2422
3206
2175
637
901
2167
1670
2172
2942
1413
3959
2693
2682
3712
645
3958
1925
890
1154
644
3703
1414
3192
3970
2692
2939
903
2935
1923
1665
2938
391
1656
1669
1666
1662
1160
2679
2693
3968
2686
3206
2934
2948
1662
1405
644
887
1157
1659
639
3205
120
2437
2427
1666
2182
1402
2694
378
2690
3715
121
1670
377
1922
1922
379
1159
376
3713
2432
3962
3718
376
1155
2686
2683
135
2680
3204
895
2175
2439
3958
1925
1151
641
2693
2678
2438
124
1920
1925
3190
645
3961
2176
901
378
3974
635
643
1156
889
3205
1400
2690
2690
3194
134
1655
644
1410
635
2694
1143
2180
1920
1660
3716
1397
2437
1151
2688
649
2679
2949
1405
1406
2950
889
1414
891
1919
3972
119
2181
1658
642
3205
2168
134
889
387
2180
121
3718
1145
1924
2178
122
135
3704
645
129
891
2694
1143
133
1664
2940
1414
630
900
1150
1919
3206
120
2437
637
385
903
3192
2438
1404
2176
133
2680
2438
123
2690
3972
120
389
120
1922
1155
2938
2695
1399
3203
3714
2682
1927
121
3972
2176
2171
2695
375
2179
127
637
1927
2168
134
382
3966
1926
2167
646
3964
3711
901
1398
2693
124
2432
1668
3191
903
2682
3202
133
2680
3717
2169
2692
3970
3192
3718
888
2946
1153
892
135
886
2691
1664
1404
1414
631
133
3198
2173
2694
2423
2181
1662
1151
902
2678
3972
2429
2944
2949
3191
1413
2938
1153
2181
376
2438
2939
2690
2947
3703
2692
2168
2692
1156
1659
3717
119
2947
386
1916
2437
119
1668
128
2686
1161
2678
899
2430
126
2694
2166
133
2172
3709
2181
375
2437
1916
2176
900
2935
3717
2425
129
1157
1656
135
890
1154
2692
2170
2694
1401
388
1666
2427
2695
2935
3204
2688
1658
1414
2679
2180
3966
2429
2183
376
3206
2943
2942
1159
2679
2692
380
639
2693
3703
2950
2683
3967
2437
632
3205
1915
2945
2947
120
1926
1658
3970
1923
2937
1158
2423
899
1410
3962
2695
2680
1156
1153
1660
136
3703
2694
2433
3197
3974
1399
389
1150
1150
1158
119
645
2684
3712
646
3957
2950
2428
1409
2950
2168
2949
122
1665
3716
3194
2694
121
1667
3971
2427
1415
3959
387
3969
2683
3207
1656
3971
1409
2683
134
2677
1412
640
1151
1415
119
1670
382
894
2183
119
1412
3707
2175
1670
2423
134
378
384
645
1144
3718
2937
2432
2180
121
1414
1913
2178
2434
3961
2694
2167
2179
3201
1147
904
2424
2691
2943
2684
1159
2678
2948
2687
2942
1927
374
2437
3966
127
2694
2935
2949
2939
3710
3973
3960
3718
892
642
1669
889
1414
3193
897
3204
2681
2437
3959
3200
1665
1402
1928
1657
2947
1665
2939
390
1654
3972
128
2685
904
2933
2692
383
2429
3206
376
1670
126
1919
901
3958
390
1659
1153
3975
1400
2692
2682
1921
132
2423
1670
1145
2947
3972
633
1669
119
131
1667
2683
2438
888
389
3713
637
1928
377
2436
1406
637
2183
2934
1412
2684
2685
2951
376
133
637
1407
3973
1911
2949
3195
384
2693
2423
3205
379
2178
3973
1657
2181
1657
2435
644
122
902
1655
644
1155
2426
2438
631
1923
3968
1148
3718
2934
1412
2176
3964
1414
3703
391
2431
127
389
1910
2182
3707
127
901
2166
135
2682
1920
3973
376
3205
3192
2688
1924
2168
134
2170
900
2179
378
2182
1143
2179
2433
890
390
1911
1413
3712
381
903
2936
2183
639
2685
2694
1399
2950
2174
2430
1668
2166
1926
1404
3968
2182
887
3972
2682
1154
3972
1657
2694
633
2177
1923
2682
3718
2935
1923
2179
3961
1414
1400
2437
2691
1404
647
2168
134
2177
2430
3206
1654
2181
1663
2942
134
2934
2693
1404
3965
1412
3956
2692
380
1153
645
1144
390
3194
1922
3715
3191
2695
2426
1155
387
2936
1415
122
1412
897
3961
1415
887
1156
3201
3707
1670
1911
2436
1407
3708
2438
3958
1157
1917
3196
389
3702
2694
381
3709
2436
3960
2950
1660
2689
1669
1912
1670
1403
2179
1412
3192
391
2681
2179
2179
2682
3974
119
3716
2178
123
647
3958
387
1919
2685
1927
1143
1157
127
2686
3207
3702
2692
2429
2687
1414
2422
2436
3706
641
2438
2424
2950
1403
130
1923
2424
135
1912
2689
3714
3705
1159
3958
642
3714
1659
1158
2680
135
2690
125
1415
3702
2947
2431
1406
2694
2167
1669
638
894
1157
2422
133
2683
1919
3973
3192
1414
3963
2178
646
121
1158
1913
2688
3970
3961
2439
1402
2691
387
890
133
1655
3716
2177
3707
135
2167
2180
640
637
3718
1143
2693
127
2942
2695
1144
2694
2173
1919
2950
118
3717
892
1407
2948
2679
389
1145
3713
132
632
2951
3704
386
1924
3704
1157
120
389
3714
1401
390
1144
2437
2178
125
2438
2678
3716
3966
2685
3205
1142
389
3709
3710
646
887
3205
1660
3967
1157
1656
134
2425
1921
2692
1911
1158
889
2178
1156
3193
392
2681
1666
3202
2426
2183
3192
388
3713
1404
3718
887
2691
126
1404
902
3958
1669
383
1408
2696
2168
3971
1405
3968
646
120
2693
3962
129
1670
1657
3206
3706
898
2691
1912
2694
2681
2691
1923
2937
1415
3704
1668
643
2683
903
1399
1156
1921
3964
2694
1910
3971
3966
3709
3718
887
2693
2428
2942
3718
2166
1157
1661
3713
2182
2936
2181
122
1920
1922
2680
1926
120
3201
2692
2938
1670
1144
130
2178
1916
1671
2166
133
387
638
3976
2679
645
384
2685
2693
3189
1413
2685
2685
389
886
1925
1917
3968
389
121
3719
1402
3968
2181
377
2694
1659
2434
1156
890
647
2682
2946
1409
2682
3719
3704
3715
385
3706
2950
1654
2691
1663
2684
3717
1654
389
3965
2430
1671
2679
2436
892
2687
3206
3190
1669
2682
897
646
3192
2438
3961
2688
3971
1912
2182
2937
2178
2433
1657
1414
3703
2947
1666
2939
903
1912
1668
1409
3708
1926
2422
388
1406
3197
646
2165
133
2686
2687
1159
3959
3973
381
2432
901
120
1415
3195
897
1156
121
3974
889
131
2437
635
1160
1144
130
2689
3193
901
1399
3715
2944
2940
1926
1399
644
2688
2685
1414
2935
1925
383
1151
391
888
1925
2428
384
3974
3192
1927
636
896
900
2934
2438
1403
1667
1158
2681
1669
3191
3968
130
1402
3974
888
2435
2176
890
135
3703
1925
1921
1917
2695
118
131
382
894
1415
374
2692
1918
1920
1158
3190
2692
1916
1153
2694
377
2693
1659
1666
1413
121
133
121
3968
2178
377
3205
121
2691
1410
3194
647
631
1157
3969
3194
2693
1655
134
896
3964
3206
1399
3204
1662
1407
2694
1399
391
125
3199
902
1398
1925
2427
2177
2693
2424
136
2683
1410
1156
2168
2181
2680
1411
2946
2425
2694
888
3715
1921
1147
1926
120
644
897
1660
2694
2678
3715
2174
1661
3974
2680
3718
1150
3709
133
631
646
637
897
3205
3191
2182
1403
3200
2948
121
2694
2681
2689
1156
3194
3719
2936
2946
1155
2682
1926
888
900
2690
2682
134
889
2182
1664
125
135
1911
645
3198
125
1925
374
2692
3198
2944
1157
887
390
124
385
1413
3191
1670
3962
1153
2948
3704
3717
2680
1411
3971
122
647
3192
899
2689
1915
903
1656
643
1151
1660
2950
887
2948
1152
3709
902
887
1157
1406
1407
2950
3703
1158
2684
2687
390
2679
2437
1146
385
2693
890
3207
2424
641
1667
121
2438
633
899
1922
378
2950
375
1923
2688
1403
3719
1656
1414
386
3198
135
1399
3717
3967
1152
2183
1143
646
2685
384
3206
2167
2181
2684
1409
2436
1655
901
633
1152
388
1655
3205
2169
643
3716
1657
902
3192
3714
1922
2681
1413
2678
643
1153
891
390
2678
2692
384
2684
2438
1654
1412
2686
3966
3719
3960
2439
126
2174
389
1398
1669
3963
2943
3205
3960
1158
1914
1921
2949
889
2694
1146
3969
899
122
2183
632
131
1921
1914
1159
1144
2691
1409
2684
1160
3191
2437
2176
382
2695
887
3715
2684
3965
1158
1655
902
1917
2688
1926
376
3717
1146
3199
2436
2679
2950
1148
1922
901
2937
3716
1144
3202
3969
1657
2183
120
2434
386
2682
1414
3959
3716
2689
125
1159
1399
2437
2177
1663
903
631
645
2686
3710
1413
3190
2949
3963
2687
2949
2679
2695
1660
385
1413
1912
2694
2682
2689
2689
2679
1414
121
2690
1923
635
3206
2933
387
1155
635
647
2934
3202
1921
2429
2440
1399
1412
3967
893
1927
3959
134
1662
3198
134
2934
1670
1149
3711
2181
3190
2437
1402
3712
1414
2679
3973
2169
1153
3716
2170
1415
2681
1923
900
2682
1159
2170
1924
2688
890
1926
3703
1669
1665
380
2693
1398
1157
1152
1150
3206
2423
3205
2173
3198
1158
1398
2691
3195
2688
901
1399
390
2171
1921
2693
2937
3718
1402
2178
2950
1402
1157
633
2691
2947
3961
135
376
131
2435
893
2439
1910
2690
897
1150
137
2167
3972
2432
382
2438
886
133
2686
639
1926
1398
644
125
1152
3974
1912
1414
891
2688
2692
1143
3716
3960
2433
3203
1656
134
888
3715
1923
2169
2694
3192
3715
3968
3962
1414
3188
2179
642
1660
2184
2424
388
384
2685
2694
376
2692
1917
2686
2949
2165
3204
1916
1920
3717
2679
1158
1147
1919
3971
633
1927
1402
1666
899
121
3206
2679
899
1156
3962
1415
632
1412
1154
2682
1415
1145
2949
2944
2426
3974
1143
3714
1406
3709
1160
2679
1925
638
1918
1925
2167
1926
124
383
3204
3959
2950
124
3200
387
3959
2695
1657
2688
3971
2680
1669
3960
3203
2691
2171
2694
1399
1666
2433
1149
1928
1144
1157
897
1916
2694
119
2948
1662
2684
2693
3191
136
384
1407
902
2167
390
636
3712
2693
119
2693
3706
897
1925
120
3717
2681
897
900
379
2695
889
1923
3970
377
1926
633
389
3203
124
391
3959
2691
384
3196
2183
2679
1668
2942
1406
2439
2934
900
1149
2686
3204
1142
390
3964
3711
3205
3703
2694
1404
130
389
1912
390
122
1666
2436
3193
135
889
643
1923
2682
2950
3703
1924
387
2427
134
1654
2179
896
2940
1415
374
3715
1151
2685
1414
375
1413
381
2941
3206
2680
3718
1149
1663
3717
2168
3206
1147
2944
1413
889
3206
3705
3713
1156
377
2693
1143
3714
1156
3194
2438
888
2435
1664
123
3719
632
3204
2688
893
1671
3191
3971
2686
2173
2437
1910
2692
2429
128
646
3702
645
379
128
2182
3191
2438
3963
2688
645
2170
647
1913
1411
2692
1146
2695
889
1155
2179
890
134
3702
1155
2945
1915
2438
1654
1667
2175
124
1670
1399
2181
2430
894
391
2679
390
894
1919
1414
1399
3716
3195
385
902
3960
1159
3707
2432
2435
3959
390
1146
2177
1924
2682
2694
121
2690
2689
2169
135
889
645
1667
1403
900
3189
1155
639
3964
390
2678
1156
2684
3197
135
1655
1158
2686
2175
2181
1399
134
2684
1921
3205
2679
646
3962
3712
1156
3961
1670
2680
130
1157
3195
2182
632
3969
898
1659
135
3958
388
3713
2683
1158
3191
2949
1920
3964
1415
888
3204
3197
2942
1670
2678
390
893
641
3974
2936
3207
2683
2176
1157
633
2694
378
1409
3716
3959
1925
3961
2691
389
2426
2439
2937
3202
2689
634
2694
2936
3971
2688
2939
3718
887
2691
2687
1662
3718
1143
2181
894
1662
390
2422
1925
637
2688
3718
3959
1669
1914
3713
3205
3703
646
3705
2688
3972
2426
2183
1145
898
2947
3194
2182
1400
2435
129
890
3973
376
2693
2688
3707
2694
1399
1413
2943
2172
2437
1143
1925
2429
2685
390
1911
1157
892
3712
1927
3960
2949
1147
2177
2693
376
1925
1403
2434
2691
2424
390
2938
1668
132
2426
646
631
2945
2432
124
647
631
2692
640
892
3207
632
902
3967
3198
904
631
2948
2428
1918
646
3703
1414
2683
1921
3718
2936
390
634
2688
2692
2935
901
2937
1922
3203
1657
2438
889
1923
643
3963
1671
3958
2692
386
2427
2694
2677
3969
2687
3709
2182
1654
1669
3711
1919
135
1398
901
893
384
3974
2167
902
2428
1664
1157
3192
1159
3962
2944
2692
2167
1925
1146
3969
3714
2682
391
376
1922
130
1659
903
1143
2179
897
3194
2183
1656
1925
2687
381
1160
1399
2692
1150
3965
900
3700
2436
2940
1407
3973
3959
2694
2939
3200
1925
1655
1158
1915
1410
2436
120
1671
2682
642
2180
3194
1158
2423
132
132
2939
3207
1145
3716
130
1915
901
375
2436
1150
3965
3207
3702
3204
3709
2685
1925
887
3716
379
382
2692
3191
646
1147
897
2181
1656
3973
3194
1667
3716
3960
1415
2682
2691
131
1915
904
3703
1667
1666
2426
3205
1911
3204
1153
636
1926
2679
1925
2687
3197
2694
3703
1926
638
2175
2694
3702
2948
1404
129
3716
3190
389
122
130
645
2936
2438
3705
1665
1155
379
903
1656
2690
1666
3963
1159
632
132
1920
892
3206
887
2693
1153
3965
134
2678
2949
2685
893
1926
3959
1413
1148
1151
390
632
2181
2170
3968
133
2679
1670
1403
1666
1669
1146
3718
3192
1154
1924
380
2951
2168
3715
386
2682
902
2678
1668
641
3964
1415
631
1413
3199
3964
2695
1144
1412
3197
2175
1158
2167
3974
125
1663
1669
2679
2181
378
384
133
1145
1158
1146
3969
1413
380
1414
1144
1666
1920
122
1926
2423
2435
1665
3963
1670
1142
2179
896
2172
2694
375
2180
2686
2175
136
1399
2949
2942
2687
134
3191
1925
1402
2687
3972
2679
3205
890
3969
3973
121
134
3706
1156
1923
3960
134
2168
2691
1410
2683
1415
2678
1156
2689
2173
2695
3190
1923
2174
894
1927
1911
1413
3198
896
1670
2934
1413
3707
896
2181
1656
135
1915
2945
1157
1144
2692
121
3201
1923
1913
135
2937
2690
1154
1147
2950
121
901
898
2941
2951
3704
1925
128
1661
391
2679
2180
1406
3966
1927
2679
1923
2940
896
902
1911
3716
1914
1918
3203
120
2694
2938
1153
2691
377
2182
3959
2690
3715
2938
2695
1144
2434
642
3962
1158
2680
2181
3968
3963
133
630
1156
3966
126
2949
118
1156
2685
2687
2694
118
1925
1661
2431
2438
1400
3717
635
3201
2436
631
902
124
900
132
377
2694
2937
1923
3715
3707
1159
3703
2691
641
2171
2951
376
3972
1664
2173
1670
1654
3205
896
3966
3206
1143
2180
636
2687
2950
888
647
891
2687
646
3705
2439
2682
386
3973
1146
135
890
1666
1922
1913
3717
120
2691
2690
2426
390
887
1155
3711
892
3974
887
2948
2686
1405
390
2678
2181
638
1918
2181
1144
1927
2685
896
2180
3958
134
2682
1665
3973
1913
2950
1403
2947
2435
2681
391
376
1155
1666
379
2438
2934
3714
2944
1915
1927
1910
2691
2944
2172
2694
2935
2692
1918
894
3718
2935
3973
2429
1662
1158
3958
3971
1402
1664
2182
632
2694
124
1154
388
377
2438
3192
2945
3971
2171
1414
631
131
897
379
2695
1399
1668
1154
893
903
3959
2437
2176
2687
647
3702
1158
3711
3968
3206
2679
1925
124
2431
2436
119
2436
2938
130
2693
2680
902
2425
2690
1925
2170
3718
889
2179
130
3193
645
120
644
2688
3706
2950
887
1411
2944
2684
1413
120
2693
1918
2942
1926
2934
1157
3964
1151
2693
1143
2180
3707
2945
2693
633
391
1147
3970
644
888
2693
1400
3714
1156
2170
135
2681
2437
2945
378
903
888
3204
2177
3196
1159
2680
2949
3197
1917
3974
1398
2181
1917
2174
134
2677
2180
3709
2688
2437
1144
903
1659
641
3971
375
2181
3193
2691
388
1913
3206
2681
2179
2690
379
2693
2678
645
2945
2426
3974
632
1924
2687
2172
2182
1911
2949
1919
2431
1158
3958
3717
2685
2688
1414
3192
3974
1403
641
134
1912
1926
889
2688
901
3706
2182
377
642
1921
2681
2182
1400
1156
2946
124
2183
2679
1668
3713
1917
647
1654
1155
2431
126
1414
3189
2693
383
2687
134
886
1413
1404
2176
3717
3704
2438
1914
2688
1157
2169
2438
1657
2178
3971
3960
2951
377
1411
899
3193
645
1399
645
2178
2939
1159
375
131
2429
3195
647
2167
1414
383
382
3206
2935
901
3197
2944
1671
1656
1926
2427
3199
2436
3702
1157
3193
643
2949
3192
901
3960
3715
900
2171
1413
631
132
1922
1403
134
1398
2691
2944
2940
2950
1399
389
1662
3708
2694
3191
3204
3965
3199
2694
3703
1925
1659
1152
3717
3959
391
2684
3713
1156
2168
1926
635
3715
2436
3705
647
3191
130
1155
2939
2182
1399
899
2944
634
1157
119
2692
3711
637
3720
888
2180
3198
895
2694
2422
2182
638
1406
3717
1655
2436
1916
130
1414
632
133
377
3200
3971
3705
1159
1657
3715
1412
3194
2181
119
2692
3713
3194
135
632
3715
2175
892
903
3959
389
1662
3708
136
631
1925
382
3966
1415
1400
2437
1403
1153
3718
2166
2437
1147
1153
901
1401
1671
1914
899
388
2937
2438
2168
1922
3714
2171
135
3958
2434
1666
2940
2951
632
900
1151
2683
3973
1399
1413
2943
3710
2437
2933
1413
893
2686
1669
1144
2183
637
2433
1414
3191
134
2681
386
901
890
1670
3703
1920
385
1656
1157
121
2691
3713
1658
3206
1144
1925
2691
3965
2438
3957
3971
1152
1919
3718
1142
1925
2942
2942
2182
2679
901
1147
1406
2949
118
134
125
385
2693
888
901
1658
3714
3715
3704
390
2681
3715
2691
123
3206
2936
1156
1665
2171
903
1143
900
2431
3964
903
1399
900
638
638
1415
888
1158
637
3710
1414
3190
1924
892
129
3973
1911
2438
1916
3713
901
120
133
2937
2179
2947
378
1415
2424
899
1921
1658
2181
2679
3715
897
893
1672
3958
901
2432
1917
3975
2423
2948
2429
1918
1927
887
2692
893
384
135
2167
2948
123
3714
2183
889
1671
2681
641
1668
1913
2438
889
2690
2435
2682
3206
3959
644
897
3706
2182
887
133
2944
2684
647
2167
2693
896
3967
2694
2165
388
638
3966
2948
1142
2948
3963
384
1157
2424
903
124
129
1924
1913
1926
889
1667
1156
2169
2183
890
2947
642
3193
1157
3703
2948
3969
2684
2181
2934
3972
3711
893
902
3703
2949
2941
2942
136
1911
133
125
2687
645
3958
1669
2170
2176
2949
376
134
2682
3201
1923
889
136
2170
3970
3713
121
2183
632
2179
3970
1147
2182
1398
899
385
2428
2182
1143
2180
2431
1662
3974
2678
2180
2686
2432
1926
632
1158
3195
1152
3973
2934
2181
1659
2176
2436
1912
2950
3962
3714
2692
122
2694
889
2947
3202
3961
2694
632
645
1922
2171
2695
3703
2691
896
3196
3974
2678
3715
2941
1406
1927
375
2181
2940
3709
901
2680
2694
3709
2689
1413
2935
1158
378
2945
901
3703
1156
3959
384
1666
2936
135
1914
387
2179
2172
903
3703
389
1410
2172
390
1910
3204
896
381
2694
1655
1669
894
2428
2437
2167
3973
894
1407
2693
2423
646
2940
129
3717
888
3717
3706
2177
388
2936
2694
122
1411
1668
2938
3207
1912
2690
387
2170
2693
887
2691
1921
2171
2438
119
131
2942
1405
902
375
3972
2686
895
1158
2422
901
3196
2431
2692
2422
2694
2684
2946
2950
1912
3973
2682
643
2692
1912
3975
2169
1410
2179
3705
3206
2168
1923
1922
3962
391
887
1668
2434
2685
391
3191
2948
3967
2173
1670
3959
3205
893
381
2437
2936
2437
3196
3713
1925
2933
3972
380
2690
901
3192
2949
1912
3968
645
1914
3975
123
1411
1411
2937
2694
2424
1411
2945
2682
1926
632
389
3712
125
647
1142
2692
895
1406
3207
120
2693
1661
3198
135
3702
3972
3964
1665
2694
2423
2693
1916
2688
1668
376
2693
2681
2177
900
634
3975
633
1154
2690
2936
1158
633
3715
642
2170
902
2168
1412
2688
381
135
3958
2693
2687
2174
902
373
3203
1661
894
390
374
3717
2174
2687
390
1144
2693
1658
3969
389
3703
1671
2682
385
1923
2681
2183
1402
2436
901
3962
134
887
3970
131
3707
1158
1656
3204
2432
1148
3717
1654
3204
3710
1916
135
887
2692
2686
1662
902
2168
390
2428
2688
2693
888
1925
2938
129
2691
2422
901
1145
641
1156
1146
1672
1914
1924
2435
122
2695
888
2691
3713
2426
1414
1655
388
1921
2684
1413
1398
2693
896
637
1415
3959
3972
125
2943
904
3702
2693
637
1920
646
632
901
121
2687
900
376
3718
890
899
133
1658
2184
1401
1154
2691
2938
1158
375
2435
897
2939
2695
888
2436
1153
1916
1159
887
3203
3197
2939
1670
632
901
2941
2430
390
887
1157
2173
2687
2182
2680
3717
2427
2433
389
3960
903
2938
2691
389
2679
646
3705
2946
2690
2680
3716
633
901
3202
1659
2438
3959
1156
2433
2684
390
631
3204
1151
2941
1415
2934
133
894
3198
903
119
901
637
384
1926
119
3716
381
2177
1156
887
1413
2937
2945
1925
3705
2693
2168
2178
899
633
2693
2680
2179
643
2684
2694
887
2692
1411
2686
2184
2168
2181
2177
3966
134
2678
390
2943
2685
133
1142
1669
1404
2685
1156
2677
133
1404
2690
3718
1656
647
2171
1665
2949
2681
1415
3706
2435
3715
2169
3973
3958
1154
3202
1913
135
377
900
2688
1147
3206
887
1412
895
891
134
2167
2438
2175
3197
3974
632
2949
2428
2430
3717
3191
390
3963
2943
900
3190
2949
2683
130
900
889
1670
2681
386
2690
2425
1159
121
1923
1410
634
2951
3192
387
1152
2682
3206
1399
2436
895
380
1415
120
1415
127
2685
390
2421
1926
2686
3709
2182
2680
1415
3965
1408
3972
3958
2694
3708
1921
2180
2423
1414
2938
2178
132
121
1414
1144
642
3715
890
1669
1656
901
2690
1147
2695
3704
3715
2944
1660
646
2935
2692
2175
2429
902
1143
134
1405
127
903
630
2437
3709
3199
901
3703
1415
1148
2945
1670
377
3205
1658
3713
3716
3705
646
3191
1922
3715
3960
646
120
2435
642
2682
1927
1144
1668
1921
3708
2438
118
2435
2942
3708
3718
3190
1924
1405
3198
2951
2678
3204
2429
2688
3206
1143
2949
1659
384
2181
1912
2438
1659
2178
3971
2936
903
2680
2177
3971
2937
2951
3705
899
2690
1147
1160
1144
643
2690
637
2950
119
1667
2686
1917
2695
2166
900
2942
2941
2949
2679
3718
126
2943
2438
632
2439
1148
384
134
2934
134
3706
3201
3717
887
2437
3706
898
2180
122
2693
3704
1922
2177
3961
1926
2935
3715
897
1148
2439
631
643
1407
2940
2951
377
2694
2945
2686
135
2681
2182
2429
2942
2439
2679
2693
892
1151
1158
3958
3973
891
3200
2692
3191
3205
889
640
2691
2169
646
2680
130
3714
891
646
119
3202
2689
2683
3719
888
2691
1153
1404
2437
1142
1668
896
1151
1160
632
133
1149
894
1670
1911
2438
638
2688
135
1400
390
2172
1152
900
2168
2439
1915
2690
644
1143
1158
1656
385
899
2426
3206
888
2947
1923
2171
390
2678
644
385
2171
2950
631
2180
3200
2940
3205
119
1925
1406
3709
3206
1142
1669
2684
1407
390
631
3717
380
2688
1158
2678
2181
3706
2688
1925
2680
135
2683
1666
387
889
391
2168
3202
3202
2170
3975
632
3201
2945
1659
1414
376
3716
3200
1916
1159
1655
901
895
893
1925
1910
133
2430
1407
2695
375
2181
3197
1409
1670
2679
135
3964
3712
3973
2682
3206
378
2944
1923
2680
3717
2936
3969
1156
2939
647
2168
2692
2946
3193
3973
2423
1411
3199
1915
3206
3958
388
895
2940
3974
2166
1669
384
1150
1925
1143
2437
125
2175
645
1912
3718
1916
1152
3717
889
134
3194
2689
901
633
1670
1913
1154
2947
889
647
1658
643
130
1913
1671
889
3716
130
2683
136
3958
1923
1151
382
3719
3702
3973
3711
2174
390
2934
645
3964
3198
902
2679
1159
2684
1920
1157
3702
133
2937
384
3205
2169
1158
122
1665
3203
1145
3205
2168
1921
1410
2682
3975
1145
131
2945
2939
1670
2935
2949
1410
892
646
2167
3204
1664
2685
2182
2679
2692
382
128
1671
3190
901
2171
2943
1927
3959
2181
1403
3713
390
633
2694
2682
3970
2949
3960
1413
1144
1154
2690
2679
1158
2680
3971
1667
2682
1158
1655
1155
2945
2684
1670
2165
1156
2688
3965
2695
2167
1413
1151
2174
3718
2422
644
2685
2686
2180
3702
2949
2682
384
3974
2423
647
2940
3969
390
3959
3717
3706
1410
1924
1657
135
1657
387
3969
1401
1159
1913
2692
1409
3962
2695
2167
3969
3199
1660
902
631
645
2686
1405
1159
2679
3717
895
2943
3718
119
2948
893
128
3717
1144
2949
3963
385
2180
1144
1159
635
3713
2179
2168
3717
2424
1155
1156
1146
1669
3703
900
899
1659
2694
1398
130
1920
1404
1670
1910
2436
1409
3709
903
2168
2180
127
382
133
3189
3716
1405
3710
1926
1145
2182
2172
3713
902
1145
3975
2428
1923
1158
3193
1926
1657
1665
2691
2682
2951
2681
1923
130
1658
1926
2679
2692
2433
2426
135
1143
132
2687
3708
2694
3958
1923
2941
2429
134
2678
1668
126
3198
134
1400
1670
3963
1664
1414
1143
2181
2938
897
134
2424
2949
2170
387
645
889
1413
2169
3715
3714
1657
133
120
2692
898
2939
2694
1143
1411
1664
893
1160
1655
1413
3968
2429
1926
2679
2180
2685
2175
646
3702
645
893
2943
2692
3702
2437
2426
1409
1926
1144
2693
1145
3712
2180
2681
3974
3960
2690
132
2938
1671
2937
2692
385
122
391
2166
3715
642
892
2183
376
1155
1406
382
2439
2935
902
639
2942
1414
631
3716
3964
1408
1414
2679
2693
1148
1920
3972
3192
390
378
2177
389
633
2694
633
387
3972
1146
2182
2168
131
1922
1658
3974
2423
1156
642
1916
3974
631
2180
2688
1662
3719
119
899
2430
3965
1925
119
1412
1148
3711
1670
2678
2693
892
640
1669
1656
1670
1659
1923
902
1913
1159
634
3714
643
2680
1415
633
1922
1410
3706
2693
3702
387
1152
2171
1671
1144
2692
1153
381
902
2423
3972
2686
3709
3206
3190
2692
1661
3965
3717
2935
2950
2941
896
2949
3191
134
635
2177
2437
2680
2950
123
131
3972
2680
3973
2936
3201
3714
634
2694
2680
1156
643
2427
2695
2680
2948
2688
1148
3719
3959
1669
2688
1917
3973
2935
2692
2173
1407
2949
629
1668
1660
1664
2950
376
1413
1401
2431
3205
1400
2693
2681
3969
2180
2681
2693
890
3971
3715
2937
1671
2937
131
2433
1147
1158
3958
2691
641
2940
2438
1655
3717
2689
3708
1669
887
2692
1405
382
903
1909
2435
2684
2943
2182
1143
2181
636
897
2694
2680
390
2682
1409
389
2425
2693
1913
2690
132
1402
1415
2936
1922
897
3705
2183
2680
2436
2690
3964
1671
376
900
2431
1403
2694
2679
1411
2942
2686
3206
1142
1412
2940
2430
3207
1144
134
381
3711
3972
1656
1414
1658
1665
3205
1399
2180
1402
3201
130
2680
3206
2681
2180
3715
3193
134
2679
3203
1155
2685
2695
3958
644
2945
2428
3973
3959
2693
1151
2173
2693
2166
1925
1662
2174
901
2679
3973
2684
1663
1157
120
1669
3194
2945
2181
3703
3207
1402
3201
2693
2936
3205
1401
1666
130
633
134
631
2691
3714
635
1414
2678
389
3969
3195
134
2168
389
1663
637
1926
2423
2693
1151
2430
1670
2936
2694
380
2686
2437
630
1926
2940
3199
2180
2934
1925
2426
3969
3716
3704
1158
889
3202
2692
2681
134
889
899
3714
1915
392
2680
2436
3201
2428
3975
1400
3206
3970
1917
3718
2934
645
1406
125
1159
2679
1157
1661
382
2181
1398
3972
381
3200
2437
3958
2693
3707
1665
133
122
3719
122
641
1667
1657
648
2169
2691
3972
378
901
376
2947
3714
124
2693
2678
3971
385
636
3206
2679
3972
1664
2684
1926
888
133
3197
894
2437
629
3716
1150
1152
2182
2679
3204
3194
1407
901
3705
1415
3194
129
3715
1145
2694
121
386
387
2424
1669
2680
899
1155
2427
1414
3191
132
1665
1148
1414
631
1411
2176
3197
1670
3191
645
1918
3709
2694
1144
2948
892
1407
903
888
390
2429
1665
2693
3191
2692
3193
2175
1668
1658
1671
891
2690
2948
2170
1671
3192
3715
1668
1915
134
2679
1156
2689
634
3974
1400
1412
128
3963
903
1400
3205
3967
637
390
1143
3204
893
3198
2949
1655
646
2428
3712
2694
2168
2693
1146
1408
1668
2936
3973
1402
2179
644
121
1415
378
2179
2434
890
1671
3959
1154
2177
2682
901
2422
131
1153
1916
3717
119
3204
1151
2174
2694
375
2436
1917
894
2692
1399
2181
2939
1918
3974
1401
1414
2938
1407
3972
888
134
1147
2945
2947
3703
3972
3961
3971
3971
2425
2181
2680
1411
2178
1659
2439
632
3204
897
3963
391
120
1413
1663
1406
1927
3702
2948
1150
1406
648
1145
1926
125
126
646
888
2694
3708
2688
1925
2167
645
2938
1665
1157
2681
1926
378
3714
3203
2169
1159
1656
2180
1412
3705
1927
632
643
2690
2684
3718
375
2691
895
380
1670
118
2692
3967
2686
2438
118
2948
2686
1406
2950
1144
1157
1917
1410
2950
1399
389
2684
130
645
3960
901
1401
898
2948
2425
390
3960
1410
2690
1146
390
2678
3970
2435
635
2694
3960
2692
386
1916
903
1912
1157
2433
382
2436
1142
645
2429
2430
3207
2423
644
892
384
646
1143
1413
379
2432
2692
2423
901
3962
2434
3203
1401
2950
1658
2690
643
2680
3717
376
2945
3970
2684
903
1399
2436
1665
379
1415
120
2948
1408
1405
390
3190
1669
895
1662
646
3703
646
2173
638
900
3189
2692
2684
1409
2181
3959
646
2170
1408
133
1401
1415
122
130
900
2680
1925
2168
387
2945
2682
134
3190
1411
3968
124
3974
632
1414
640
1148
647
1655
1668
2941
1918
1161
1656
1924
2684
383
1158
1910
1156
3964
897
3718
1144
3205
2682
1409
2693
376
2182
1657
2433
1413
2682
135
121
2435
2692
380
3206
3959
2947
130
2428
2183
2422
132
1921
3963
1670
631
2947
1151
3198
1160
2167
2693
2685
2429
3204
2933
3204
1404
2944
2949
630
2436
636
2690
2694
1912
3974
1402
2688
388
2426
1927
1913
2947
2179
1401
1414
2680
2435
130
2684
136
2167
900
641
1404
647
2423
2948
895
893
903
2679
134
1663
3711
2695
2679
2693
1916
2686
2181
1911
2693
379
2432
3973
2935
1158
2682
2689
2437
634
2184
3961
131
3971
2424
646
377
1411
2690
3193
2949
120
644
130
2684
2694
2678
1923
2687
2940
2694
2679
2692
3199
1151
391
2935
3205
1916
1662
135
3702
132
123
1920
1413
2678
1157
3194
3202
1158
1144
2693
2681
1410
1412
1402
3718
3705
2691
130
1913
646
1145
644
385
3962
1927
631
1156
2944
2684
1159
1144
3973
1152
128
1928
120
1926
637
1405
133
1143
2693
2172
1921
3972
1399
2693
1146
384
2692
1656
134
1146
3713
1156
3961
2437
377
3714
1411
2683
1927
2425
3716
2433
1659
902
2936
2180
2687
2427
646
1911
2692
3198
2685
2437
2934
3718
2430
2175
1414
1655
1158
1916
1408
902
2680
3974
3963
1155
2949
1655
901
635
3969
1410
1913
3719
1912
1921
898
2426
3206
1143
3970
3969
2940
2182
3703
2693
1153
381
3206
631
1156
1151
1660
390
1656
645
1405
638
389
631
3716
1147
2431
2949
376
2949
891
641
2949
2679
2949
1914
386
3972
1401
2694
3960
898
3969
122
2438
3959
3715
386
3195
1928
120
1156
385
893
391
887
1411
893
1149
1159
1399
2437
895
3966
1159
3959
1157
381
1152
903
2936
902
3195
1408
3973
2680
134
1146
1922
2693
1913
1926
634
2690
131
1401
903
2681
389
3201
3961
2438
2679
2692
1154
892
3207
121
2690
3708
380
3973
630
644
1662
2174
2695
889
391
125
3710
389
3958
1414
2683
640
1669
2936
1414
1658
2177
1156
2167
2693
121
3201
2178
121
3717
2936
1155
1667
2427
1927
2936
387
2688
3708
2182
1142
644
2688
3964
1926
1655
2693
3710
1662
1926
2168
3973
3197
1920
645
373
2181
125
1409
3972
888
2950
2682
2178
2181
1401
134
3961
899
2946
376
2949
2423
3970
2691
2683
2694
632
1668
2178
126
1671
3702
2435
2431
125
1926
3701
2691
638
2430
2439
376
134
382
2176
2437
2678
1158
3964
2689
3206
375
2693
636
1921
2948
2425
3205
1146
1666
644
3195
902
2680
899
387
635
1926
1400
3971
1409
1148
1157
3189
2436
896
3708
1414
887
2693
2175
638
389
1910
133
1661
129
135
1400
2950
3195
641
2949
1143
3204
634
385
1412
3704
134
1145
130
644
2426
2438
2936
1155
386
1403
2694
119
1666
2688
3963
3974
1399
901
2176
638
2695
2423
3972
3966
2942
2181
1910
901
1917
383
1413
1144
2438
1659
1920
1414
632
389
634
897
2693
122
3718
1914
1411
643
2169
3718
121
3202
2689
123
2438
376
2947
3711
3963
2438
3958
3206
2690
383
136
2935
1669
1919
3711
2950
630
2948
1149
128
646
2680
2183
892
641
2693
3190
2693
3195
641
387
2680
2951
2169
2690
3971
1657
646
376
1668
1667
3706
1158
1655
388
1154
892
2693
2934
389
1664
1150
3719
630
1668
2430
126
1414
2423
1669
637
1663
1157
1399
391
2684
1409
2693
888
2694
2682
3712
900
2167
1924
1912
130
2948
379
2950
1401
2692
2690
1402
2181
2679
3971
386
892
1158
2935
2948
896
2684
3973
1654
390
3966
894
3973
2166
1156
3708
3967
1414
1656
1671
3708
2177
3717
119
1668
633
2689
3716
3959
2437
3193
132
2692
635
3719
3960
3715
3201
2682
648
632
2691
385
2939
3974
1910
899
128
1661
2951
377
2436
1406
382
133
375
1413
2428
3198
3716
2678
3973
1404
1665
901
2423
3206
3196
2690
2691
376
1669
1913
131
1923
3193
3719
121
387
2691
2940
2951
3191
2691
3714
382
391
119
2435
2686
124
2694
2935
134
2686
1149
3717
1143
3717
1150
1152
2181
3191
1412
2425
2687
1158
633
1669
1147
130
2947
632
389
633
2690
133
1402
902
1913
132
3714
2426
2949
2679
645
2178
2428
3206
3191
2948
384
893
1157
1142
2181
3710
3965
1670
3958
1158
1151
385
2695
2936
3205
636
2177
2695
2680
1414
1914
640
1155
1912
2694
1402
3714
1413
3706
2182
378
1923
3201
2937
901
1655
132
3713
1660
3206
2680
3204
2687
1916
1157
3957
645
2687
