3705 
3204 
3198 
3715 
2941 
3204 
2945 
3713 
3963 
3971 
2942 
3718 
3710 
3194 
3200 
3715 
3961 
3192 
3976 
2948 
3967 
2950 
3703 
3972 
3705 
3193 
3194 
3973 
3191 
3970 
3194 
3204 
3966 
3716 
3205 
3964 
3968 
3973 
3961 
2936 
3201 
3715 
3716 
3198 
3717 
2944 
3960 
3716 
3202 
3713 
3706 
3705 
3717 
3974 
2942 
3702 
2949 
3967 
3713 
2934 
2948 
3710 
3707 
3193 
3704 
3961 
3197 
3709 
3205 
3196 
3200 
3703 
3193 
3202 
2947 
3202 
3194 
3968 
3198 
3198 
3703 
2948 
3712 
3963 
3972 
3970 
3961 
3969 
2935 
3201 
3964 
2949 
3959 
2949 
3713 
3958 
3970 
2950 
2940 
2938 
3963 
3205 
2948 
3703 
3963 
3974 
2937 
2947 
2935 
3715 
2944 
2947 
3717 
3191 
3200 
2949 
2949 
3968 
3206 
3189 
2946 
3963 
3709 
3706 
3969 
3203 
3193 
2947 
2947 
2936 
3715 
3191 
3968 
3973 
3191 
3718 
2946 
3964 
3190 
3199 
3958 
3196 
3204 
3715 
3974 
3193 
2946 
3973 
3714 
3974 
2940 
3199 
3709 
2949 
2948 
3717 
3960 
3971 
3962 
3705 
3201 
3712 
3717 
3204 
3965 
3192 
3715 
3961 
3204 
3702 
3198 
2942 
2949 
3963 
3194 
3969 
2950 
3714 
3705 
3972 
2936 
3201 
2947 
3714 
3707 
3968 
2948 
3195 
3708 
2944 
2948 
3194 
3203 
3713 
3717 
2945 
3708 
3206 
2935 
3707 
2936 
3204 
2939 
3718 
3204 
3964 
3961 
3206 
3705 
3191 
3708 
3191 
2941 
3967 
2935 
3705 
3205 
2947 
3191 
3707 
2945 
2950 
3715 
3206 
2950 
3973 
3704 
3965 
3718 
2935 
3204 
3959 
2948 
3964 
3191 
3707 
3716 
3960 
3206 
3203 
3967 
3203 
3190 
3965 
3716 
2936 
3712 
3971 
3709 
2950 
2948 
3709 
3703 
2948 
2938 
3714 
3960 
3971 
3968 
2948 
3716 
3197 
3961 
3971 
3206 
2943 
3718 
3964 
3967 
3716 
2941 
3716 
3205 
3971 
3202 
3195 
2940 
3191 
3198 
3701 
2943 
3201 
3201 
3970 
2939 
3206 
3960 
2944 
3959 
2948 
3967 
3973 
3716 
3702 
3972 
3959 
3203 
3714 
3716 
2945 
3971 
2943 
2942 
3718 
3715 
3717 
3200 
3972 
3960 
3195 
3971 
3713 
3715 
3204 
3715 
3716 
3200 
2947 
3204 
3190 
3708 
2942 
3964 
3200 
2939 
3205 
2950 
2944 
2939 
3718 
2936 
3958 
2947 
3715 
2938 
3717 
3194 
2934 
3199 
3963 
3971 
2942 
2943 
3205 
3963 
3711 
3973 
3959 
2948 
3974 
3197 
3973 
2949 
3200 
3195 
3193 
2946 
2937 
3970 
3969 
3195 
2939 
3971 
3191 
3707 
3712 
3973 
3962 
3970 
2937 
2945 
3714 
3960 
3203 
2935 
3967 
3716 
3966 
2935 
2941 
3713 
3972 
3706 
3973 
3712 
3706 
3205 
3967 
2951 
2942 
3704 
2939 
3970 
3196 
3970 
2942 
2947 
3204 
3709 
3703 
3201 
3192 
3716 
3203 
3192 
3714 
2940 
3718 
3959 
2942 
3966 
3203 
3958 
3709 
3968 
2949 
3972 
2939 
3200 
2948 
3193 
3714 
3204 
3960 
3973 
3193 
3717 
3964 
2947 
3964 
3198 
3717 
3705 
3705 
3715 
3969 
3718 
3704 
3964 
3974 
3201 
2936 
3958 
3703 
3716 
2943 
3966 
3716 
3966 
3961 
3194 
2938 
3203 
3713 
3716 
3191 
3966 
3196 
3718 
3204 
3706 
2939 
2937 
3960 
3718 
3971 
2942 
3205 
3192 
3973 
3194 
2946 
3961 
2947 
3714 
3206 
2935 
2934 
3204 
3195 
3968 
3192 
3960 
3705 
3708 
3719 
3964 
3717 
3190 
3195 
3968 
3960 
2944 
2947 
3704 
2946 
2938 
2950 
3192 
3201 
3205 
3972 
3711 
3205 
3973 
2940 
2937 
2945 
2936 
2940 
3958 
2942 
2950 
3205 
2938 
3969 
2937 
3194 
3973 
3192 
3201 
2947 
3966 
3206 
3197 
2942 
3190 
3204 
3960 
3193 
2947 
3959 
2936 
3958 
2949 
3702 
2943 
3717 
3192 
3968 
3960 
3704 
3713 
3192 
3970 
3192 
2949 
3711 
3203 
3203 
2935 
3707 
3719 
2936 
3715 
3206 
2949 
2949 
3717 
3966 
3703 
3194 
3960 
3971 
3713 
3711 
2939 
3716 
3966 
3711 
3959 
2949 
3705 
3711 
3204 
2947 
3974 
3970 
2949 
3716 
3191 
3715 
3960 
3205 
3716 
3202 
3704 
3704 
2938 
3711 
3709 
2948 
3966 
3964 
3717 
2937 
2936 
3969 
3959 
3204 
3972 
3200 
2936 
3973 
3974 
2948 
2949 
2948 
3195 
3199 
3972 
3716 
3962 
2947 
2945 
3206 
3710 
3710 
3707 
3193 
3705 
3968 
3704 
2937 
3975 
3964 
2948 
3965 
3965 
3715 
3705 
3192 
3706 
2946 
2947 
2942 
3965 
3205 
2944 
3715 
3717 
3969 
3200 
3963 
3197 
3974 
2935 
3974 
3959 
3707 
3201 
3961 
3206 
2946 
3719 
2935 
3711 
3964 
3715 
2943 
3203 
3712 
3963 
3960 
3714 
2936 
3959 
3713 
3703 
2948 
3968 
2940 
2943 
3206 
3199 
3961 
3195 
3712 
2949 
2943 
3702 
3198 
3200 
3972 
2936 
3201 
3204 
3717 
3958 
3205 
2939 
3716 
2938 
3714 
2949 
3971 
3959 
2943 
3718 
2942 
3972 
3706 
3968 
3717 
3706 
2936 
3202 
3194 
3703 
3191 
2951 
3707 
2935 
3201 
2946 
3973 
2935 
3196 
2942 
3203 
3703 
2950 
3970 
3203 
3194 
2948 
3195 
2943 
3965 
2933 
3197 
3192 
3205 
3716 
3714 
3193 
3205 
3705 
3960 
2941 
3715 
3716 
3960 
3712 
3192 
3970 
3192 
2939 
2944 
3703 
2949 
2950 
2943 
3711 
2934 
3194 
3966 
2937 
3960 
3717 
3201 
3974 
2936 
3972 
3198 
3959 
3717 
3708 
2943 
2947 
3962 
3717 
2937 
3971 
3719 
3708 
3196 
2934 
3717 
3705 
3191 
3713 
3194 
3718 
2948 
2936 
2944 
3959 
3712 
3204 
3969 
3961 
2938 
3971 
2939 
3968 
3706 
3198 
2936 
3963 
3206 
3192 
3715 
3715 
3969 
3207 
3712 
3965 
2949 
3974 
3961 
3711 
3201 
3704 
2945 
3201 
2943 
3974 
3717 
3965 
3967 
2938 
3972 
3962 
3969 
3973 
3971 
2941 
3973 
3966 
3192 
3716 
3973 
3715 
2948 
3716 
3716 
3704 
3705 
2947 
3963 
3714 
3205 
3971 
2947 
2936 
2935 
3204 
3973 
3966 
2949 
3205 
3973 
2938 
3973 
3718 
3197 
2934 
3970 
3204 
3716 
3192 
3970 
3718 
2947 
2943 
2935 
3200 
3192 
3195 
3713 
3201 
3962 
3717 
2948 
3716 
2937 
2945 
3971 
2936 
3199 
3709 
2941 
3195 
3201 
2938 
3961 
3714 
3201 
3206 
3203 
3205 
3197 
3710 
2951 
3974 
2939 
2950 
2937 
3195 
2951 
3712 
3205 
3715 
2943 
2950 
3202 
3971 
3202 
3969 
2941 
3710 
2951 
3703 
2949 
3192 
3963 
3713 
3960 
3713 
3200 
2942 
3975 
3717 
3967 
3974 
3191 
2935 
3961 
3201 
3974 
3190 
2947 
3718 
3204 
3199 
2938 
3960 
3968 
3709 
3971 
3966 
3972 
3973 
2945 
3206 
2948 
3192 
2935 
3195 
2951 
3972 
3966 
2942 
3959 
2937 
2948 
3191 
2946 
2937 
3711 
3709 
3975 
2935 
3966 
3199 
2935 
3205 
3704 
3970 
2938 
3204 
2939 
3715 
3198 
3717 
3704 
3968 
3192 
2935 
3201 
2939 
2951 
3710 
2947 
3966 
2936 
3712 
2948 
3704 
3201 
2947 
3704 
3203 
2939 
3967 
3717 
2936 
3969 
3972 
3962 
2949 
3206 
3200 
3201 
2940 
3718 
2935 
3191 
3205 
3199 
3191 
3205 
3712 
3193 
3719 
3704 
3968 
3716 
2949 
3206 
3191 
3962 
3714 
3972 
3717 
2937 
3205 
3192 
3970 
3709 
3200 
3712 
